#RC	PMF(kcal/mol)		#RC	PMF(kcal/mol)		STDEV			#RC	PMF(kcal/mol)		STDEV			#RC	PMF(kcal/mol)		STDEV			#RC	PMF(kcal/mol)			STDEV
	cMD (6000 ns)		LiGaMD (300 ns x 3)		STDEV			LiGaMD_Dual (300 ns x 3)	STDEV			LiGaMD_Modified (300 ns x 3)	STDEV			LiGaMD_Dual_Modified (300 ns x 3)	STDEV
-0.5	31.5557572431833	-0.5	37.4827978290433	0.260615831065811	-0.5	51.1553348152564	1.50781324206947	-0.5	31.6671956989287	0.365679841452291	-0.5	31.8490267791649	0.0238262755721215
0	0.780994935857211	0	1.08974262513442	0.278797800541678	0	1.15862514547716	0.215470062179179	0	1.11252271455103	0.0189730094423074	0	1.01651350773029	0.041989253037682
0.5	0.165192048625171	0.5	0.359683450747866	0.163098492240688	0.5	0.405324503473545	0.0535400070851953	0.5	0.455623600017738	0.023354190255923	0.5	0.360998254853593	0.0429594818058244
1	0.0364322413003677	1	0.110512612989608	0.0800780061676487	1	0.0938704503025155	0.0745010831028119	1	0.2571036404795	0.056574016711502	1	0.159155262579997	0.0182668619548091
1.5	0	1.5	0	0	1.5	0	0	1.5	0.0801251557096985	0.0716140991853983	1.5	0	0
2	0.261984413604314	2	0.234843073755794	0.185237357450417	2	0.328754690339399	0.0667130142970596	2	0.111866016164957	0.0225116508189798	2	0.0589118079623108	0.0254293395629101
2.5	0.746868699980664	2.5	0.734465786162438	0.312385185302528	2.5	0.929956591087854	0.144169217235138	2.5	0.342108740739843	0.0529956733049113	2.5	0.308195436785573	0.0545583142812564
3	1.29469632554216	3	1.31094227897601	0.406054500177825	3	1.57494180342016	0.129439025646894	3	0.699587080147042	0.116028374534027	3	0.660430775295598	0.0743254467796018
3.5	1.80951178026211	3.5	1.92547813271884	0.419121795251951	3.5	2.18939563084823	0.262773353971431	3.5	1.14720836749374	0.132235696379885	3.5	1.097823695546	0.0648034455409186
4	2.25975227908582	4	2.49854088986399	0.357960124819102	4	2.65626533717124	0.201926258420025	4	1.58115926877913	0.125239446943389	4	1.49872344322571	0.0440702537361047
4.5	2.64267210494973	4.5	3.03428550703629	0.323780507722028	4.5	3.1243980744316	0.24738430434035	4.5	1.9276860408138	0.0970428388091593	4.5	1.81252724723319	0.112364597109283
5	2.96881089228358	5	3.42837794055729	0.274696997754929	5	3.64927843348472	0.237790879880003	5	2.14061408474541	0.0621417367321056	5	2.00422755845562	0.134287520435696
5.5	3.09112114794875	5.5	3.64238819884119	0.368869639901721	5.5	3.93198516720657	0.17283381193578	5.5	2.23629455403954	0.140363435327657	5.5	2.13030631211721	0.132690433533146
6	3.25781168331034	6	3.86023765680059	0.482628962912645	6	4.45695120102268	0.215550284635994	6	2.26173378209076	0.275195242023126	6	2.21378551947319	0.199437771813858
6.5	3.38630968673503	6.5	4.00079233240622	0.637955286132905	6.5	4.15889937481749	0.221221271454754	6.5	2.17598221313646	0.420076493821669	6.5	2.25266961778344	0.232918248522418
7	3.51908556407421	7	3.82791688430402	0.785561837493098	7	4.27249348924888	0.336962689365302	7	2.03994931215795	0.538112237718959	7	2.22951285186994	0.217727490312855
7.5	3.60419275748897	7.5	3.72136894583378	0.675971879285169	7.5	4.39835134897745	0.436172129009124	7.5	1.8893670026433	0.537412631840176	7.5	2.0995400209871	0.123091939710529
8	3.48147762519747	8	3.51417554202086	0.651270868372702	8	4.09199185485366	0.189829821976501	8	1.65082182925848	0.538704002735644	8	1.876257720832	0.072389008092142
8.5	3.21081669771858	8.5	3.04289669393912	0.709989323366658	8.5	3.76092255901326	0.352502335477397	8.5	1.30660820712454	0.587425710351708	8.5	1.57408425759373	0.0961148294878247
9	2.8458223049254	9	2.64613371243099	0.642831032749196	9	3.28960609351638	0.300577066711227	9	0.942872819083556	0.555672481652366	9	1.17486090081897	0.120107388822665
9.5	2.67912213389991	9.5	2.51689765095588	0.511361486599313	9.5	3.05908952260208	0.260056505496016	9.5	0.732355942159708	0.490748995173687	9.5	0.922826438597195	0.131555849771608
10	2.93952567966719	10	2.7403363947521	0.513355569674275	10	3.39032986399937	0.296481774097985	10	0.73213431240969	0.482123148165134	10	0.920967565520622	0.0972472866691964
10.5	3.16283009020427	10.5	2.99639899763984	0.512486317917119	10.5	3.68165963777654	0.299380032740977	10.5	0.769770039986376	0.488921639220014	10.5	0.98118206519279	0.0380833867648529
11	3.35361502177334	11	3.13806918868566	0.566849409637216	11	3.80599343410352	0.281090476281047	11	0.765095316003155	0.526611743320298	11	1.00753411468714	0.0370631850475787
11.5	3.52070560886044	11.5	3.23086281653982	0.611637599700539	11.5	3.92321424619688	0.331277230847781	11.5	0.764867740718514	0.547190435422345	11.5	1.02016500084766	0.0458899671671722
12	3.67980132172507	12	3.3578724314193	0.629686053200338	12	4.09032072609661	0.306531220600846	12	0.78692934895027	0.560002566102264	12	1.02958415833623	0.0626474198451188
12.5	3.71702667161379	12.5	3.38988329344801	0.611438955338817	12.5	4.15863597301648	0.254126122279788	12.5	0.769529444519014	0.551678668128698	12.5	1.04003178528821	0.0722007355991919
13	3.77391448432943	13	3.38462325039035	0.604107566027318	13	4.18995055968153	0.28838778320745	13	0.721168741419483	0.548657444865894	13	1.00816537792089	0.0784547419913428
13.5	3.66512842227431	13.5	3.34750250680917	0.598538208599075	13.5	4.11649445546639	0.327221582588394	13.5	0.66448383309805	0.544246902709149	13.5	0.955096678319374	0.0802204706539143
14	3.60046868232025	14	3.31919443562928	0.621295317066776	14	4.11448655962195	0.301200301759646	14	0.613063323104884	0.558691714118858	14	0.89129926339371	0.0718802487140977
14.5	3.55407364776872	14.5	3.26341464444355	0.612272967710345	14.5	3.99469262530131	0.308903717856692	14.5	0.559496450065308	0.562073278789388	14.5	0.823860558861083	0.0675501263988076
15	3.56972546654346	15	3.23014950689403	0.608198256322566	15	4.03951108888982	0.269208970212736	15	0.513583913403137	0.553880239294055	15	0.774165332317	0.0738168275094622
15.5	3.4875820710161	15.5	3.18178873226672	0.601660725380006	15.5	3.98972884184213	0.317647595093441	15.5	0.464615667375783	0.54667479534302	15.5	0.727938782514614	0.0725589661016529
16	3.45331112876083	16	3.13990674561108	0.601293230531896	16	3.92247674093999	0.271335946192654	16	0.418680515818176	0.544897537936462	16	0.679283756556756	0.0714193498976236
16.5	3.4209156593832	16.5	3.09884440934308	0.616150721627946	16.5	3.86507573462725	0.327734735308579	16.5	0.382092702225479	0.55561642911301	16.5	0.634881758384746	0.0738173677449613
17	3.42919727689873	17	3.07667387327731	0.610926748219886	17	3.86420028406864	0.397496434763133	17	0.368261691066517	0.552094668595594	17	0.619930942288627	0.0724021150855197
17.5	3.36348401689319	17.5	3.07190450070355	0.599508412415017	17.5	3.85524549518266	0.314811806074891	17.5	0.352792299783926	0.536917184337136	17.5	0.609159518934548	0.0521379640380684
18	3.38372961293613	18	3.06797348410878	0.581298939124676	18	3.85600102497917	0.314733223701604	18	0.342925949959978	0.529440101804157	18	0.611482832234483	0.0493645280767461
18.5	3.36973672547026	18.5	3.05287265373371	0.601273192293856	18.5	3.89220062185976	0.308754041612626	18.5	0.333189602994413	0.54221714217224	18.5	0.609210988220255	0.0511177740815796
19	3.32495817161897	19	3.04128650756852	0.589588606546681	19	3.845922503954	0.313626746086926	19	0.319821073916878	0.540187158842719	19	0.593679670817991	0.04943194831133
19.5	3.3560668927715	19.5	3.03216706837114	0.601705075519422	19.5	3.79110285502963	0.325225360190986	19.5	0.31189874602157	0.54022447492638	19.5	0.586593162433791	0.0381545760311698
20	3.34511255363337	20	3.05110715231607	0.596337345532975	20	3.81455473272782	0.301436907547084	20	0.329945185714308	0.5284411840477	20	0.581894901392165	0.033878235219144
20.5	3.39411805483249	20.5	3.11840079067074	0.571396327410391	20.5	3.89948631855815	0.375814011288945	20.5	0.402442563594268	0.514076659203175	20.5	0.638010416582979	0.0266203314180409
21	3.40736527401269	21	3.19438209003554	0.57493478476991	21	3.98071996375389	0.328100126764341	21	0.469409044797017	0.504716923468245	21	0.714655729077237	0.0200498111620851
21.5	3.47844884110006	21.5	3.2653255514287	0.565357108979681	21.5	4.12500939845173	0.357429004710201	21.5	0.541341980234965	0.500989045909093	21.5	0.78899052707334	0.0257880926898497
22	3.50155161538499	22	3.33930799877333	0.56382600232101	22	4.12770955010191	0.397802911161344	22	0.630120680521721	0.50237953950453	22	0.875631951157524	0.0274216933181785
22.5	3.53217175414233	22.5	3.46648840711094	0.569641032089788	22.5	4.25532827551908	0.312519486264393	22.5	0.7342136373166	0.50471229604578	22.5	0.967636511186521	0.0141442094890472
23	3.58580227309512	23	3.58497649354124	0.581932139628559	23	4.33074845512485	0.346259819206818	23	0.84928659925311	0.517149892541527	23	1.06392072846705	0.0063771578657418
23.5	3.64079105145733	23.5	3.69127547077538	0.553163473401469	23.5	4.425279593514	0.366878716866295	23.5	0.963761314275327	0.49773082642862	23.5	1.15388900243549	0.0116395879730669
24	3.72156405780113	24	3.84577965665978	0.534769190254256	24	4.53060659381182	0.305312991700453	24	1.10332709572295	0.481182781055055	24	1.27064042333312	0.0231873590308204
24.5	3.74242388221148	24.5	3.97455155632831	0.555895528246395	24.5	4.66048220567109	0.422265311051505	24.5	1.23982218330495	0.486673575055393	24.5	1.38303724443186	0.0255388278218694
25	3.82588870569878	25	4.1290985789848	0.562950286180986	25	4.892505861464	0.320052300568503	25	1.39635902835479	0.484425480323379	25	1.54250287985511	0.0225055502347729
25.5	3.99804629784492	25.5	4.32268538943417	0.525663186431369	25.5	4.96069849936597	0.375606216387387	25.5	1.5880774400899	0.472390760694634	25.5	1.71410179373022	0.0200947007147509
26	3.98369102507674	26	4.56963518713872	0.505753339968577	26	5.07341171302678	0.337335060584333	26	1.82376799968697	0.470781296553716	26	1.90723164783967	0.0374141589960274
26.5	4.09663321367043	26.5	4.79279019363482	0.48561411574774	26.5	5.47358113678285	0.383629312400902	26.5	2.06602894297792	0.470033020580658	26.5	2.13164171374776	0.0296221171871865
27	4.18434495176567	27	5.05004115987741	0.504872618362781	27	5.63507959333815	0.319039355066961	27	2.33550151232096	0.459080833930259	27	2.36479450056852	0.0138330692945242
27.5	4.29329829286703	27.5	5.32901163122521	0.548563513942507	27.5	6.03768897085006	0.34246728472892	27.5	2.59784564937764	0.463657916624271	27.5	2.62575859259873	0.0463463389216011
28	4.5516054246304	28	5.60225467843556	0.646071125858184	28	5.98815233685999	0.263082148318822	28	2.89373362561262	0.482825862269158	28	2.88910436925768	0.0512767379600259
28.5	4.77347115807434	28.5	5.90615424251039	0.589596414972803	28.5	6.6378559184238	0.360166909959452	28.5	3.18102575859291	0.517549424690145	28.5	3.22178887711708	0.118045761226911
29	4.66327515964386	29	8.12713901814765	1.89694687696837	29	12.5143245074467	9.89381100785909	29	3.47252880376894	0.45483604358404	29	3.5747156389893	0.118983034332009
29.5	4.96203589206664	29.5	9.6889474833769	0.275285001680021	29.5	23.2557032090693	1.61857328368804	29.5	3.87334535326233	0.38472090012761	29.5	3.94939517297788	0.182509618398896
30	5.18390162551058	30	10.0716645449545	0.127235350962038	30	23.874383961737	1.58366004176487	30	4.25606241483993	0.413699746929059	30	4.56807592564557	0.272188079825062
30.5	5.45153376889206	30.5	10.4586048104939	0.234967272622505	30.5	24.1926855094937	1.35268455099392	30.5	4.64300268037929	0.542574922755923	30.5	4.8863774734023	0.173947692299962
31	5.59433209294682	31	11.2899136880233	0.388228028419506	31	24.7198305055118	0.769801837478767	31	5.47431155790875	0.695198611785314	31	5.41352246942038	0.875041852738503
31.5	5.9532408617717	31.5	11.9979477226138	0.602554713001838	--	--	--	31.5	6.18234559249922	0.866611793296291	--	--	--
32	6.36367132920794	--	--	--	--	--	--	--	--	--	--	--	--
